0	0.035	0.4993875
1	0.01	0.49995
2	0.015	0.4998875
3	0.035	0.4993875
4	0.03	0.49955
5	0.025	0.4996875
6	0.02	0.4998
7	0.005	0.4999875
8	0.06	0.4982
9	0.165	0.4863875
10	0.21	0.47795
11	0.04	0.4992
12	0.01	0.49995
13	0.01	0.49995
14	0.195	0.4809875
15	0.245	0.4699875
16	0.26	0.4662
17	0.51	0.36995
18	0.505	0.3724875
19	0.595	0.3229875
20	0.795	0.1839875
21	0.89	0.10395
22	0.92	0.0768
23	0.875	0.1171875
24	0.94	0.0582
25	0.96	0.0392
26	0.95	0.04875
27	0.945	0.0534875
28	0.92	0.0768
29	0.865	0.1258875
30	0.87	0.12155
31	0.915	0.0813875
32	0.91	0.08595
33	0.9	0.095
34	0.925	0.0721875
35	0.93	0.06755
36	0.915	0.0813875
37	0.825	0.1596875
38	0.945	0.0534875
39	0.91	0.08595
40	0.945	0.0534875
41	0.92	0.0768
42	0.9	0.095
43	0.91	0.08595
44	0.9	0.095
45	0.94	0.0582
46	0.92	0.0768
47	0.925	0.0721875
48	0.89	0.10395
49	0.93	0.06755
50	0.885	0.1083875
51	0.68	0.2688
52	0.9	0.095
53	0.915	0.0813875
54	0.835	0.1513875
55	0.875	0.1171875
56	0.865	0.1258875
57	0.865	0.1258875
58	0.915	0.0813875
59	0.9	0.095
60	0.945	0.0534875
61	0.94	0.0582
62	0.955	0.0439875
63	0.89	0.10395
64	0.95	0.04875
65	0.965	0.0343875
66	0.96	0.0392
67	0.855	0.1344875
68	0.945	0.0534875
69	0.94	0.0582
70	0.95	0.04875
71	0.96	0.0392
72	0.905	0.0904875
73	0.91	0.08595
74	0.91	0.08595
75	0.91	0.08595
76	0.955	0.0439875
77	0.955	0.0439875
78	0.92	0.0768
79	0.965	0.0343875
80	0.93	0.06755
81	0.94	0.0582
82	0.975	0.0246875
83	0.91	0.08595
84	0.92	0.0768
85	0.93	0.06755
86	0.855	0.1344875
87	0.93	0.06755
88	0.91	0.08595
89	0.885	0.1083875
90	0.91	0.08595
91	0.955	0.0439875
92	0.91	0.08595
93	0.895	0.0994875
94	0.9	0.095
95	0.87	0.12155
96	0.965	0.0343875
97	0.955	0.0439875
98	0.895	0.0994875
99	0.9	0.095
100	0.89	0.10395
101	0.91	0.08595
102	0.87	0.12155
103	0.94	0.0582
104	0.905	0.0904875
105	0.97	0.02955
106	0.94	0.0582
107	0.94	0.0582
108	0.93	0.06755
109	0.87	0.12155
110	0.94	0.0582
111	0.92	0.0768
112	0.935	0.0628875
113	0.895	0.0994875
114	0.945	0.0534875
115	0.965	0.0343875
116	0.93	0.06755
117	0.885	0.1083875
118	0.905	0.0904875
119	0.955	0.0439875
120	0.95	0.04875
121	0.945	0.0534875
122	0.945	0.0534875
123	0.945	0.0534875
124	0.935	0.0628875
125	0.885	0.1083875
126	0.895	0.0994875
127	0.895	0.0994875
128	0.925	0.0721875
129	0.945	0.0534875
130	0.925	0.0721875
131	0.885	0.1083875
132	0.89	0.10395
133	0.86	0.1302
134	0.925	0.0721875
135	0.94	0.0582
136	0.94	0.0582
137	0.945	0.0534875
138	0.92	0.0768
139	0.85	0.13875
140	0.91	0.08595
141	0.89	0.10395
142	0.92	0.0768
143	0.88	0.1128
144	0.945	0.0534875
145	0.945	0.0534875
146	0.96	0.0392
147	0.89	0.10395
148	0.8	0.18
149	0.93	0.06755
150	0.915	0.0813875
151	0.925	0.0721875
152	0.96	0.0392
153	0.96	0.0392
154	0.94	0.0582
155	0.9	0.095
156	0.945	0.0534875
157	0.96	0.0392
158	0.92	0.0768
159	0.93	0.06755
160	0.95	0.04875
161	0.96	0.0392
162	0.935	0.0628875
163	0.935	0.0628875
164	0.9	0.095
165	0.93	0.06755
166	0.83	0.15555
167	0.96	0.0392
168	0.88	0.1128
169	0.88	0.1128
170	0.91	0.08595
171	0.9	0.095
172	0.93	0.06755
173	0.815	0.1678875
174	0.905	0.0904875
175	0.895	0.0994875
176	0.88	0.1128
177	0.89	0.10395
178	0.825	0.1596875
179	0.91	0.08595
180	0.92	0.0768
181	0.94	0.0582
182	0.875	0.1171875
183	0.95	0.04875
184	0.905	0.0904875
185	0.895	0.0994875
186	0.89	0.10395
187	0.87	0.12155
188	0.925	0.0721875
189	0.94	0.0582
190	0.905	0.0904875
191	0.79	0.18795
192	0.8	0.18
193	0.785	0.1918875
194	0.925	0.0721875
195	0.95	0.04875
196	0.915	0.0813875
197	0.785	0.1918875
198	0.92	0.0768
199	0.91	0.08595
200	0.83	0.15555
201	0.825	0.1596875
202	0.855	0.1344875
203	0.92	0.0768
204	0.935	0.0628875
205	0.93	0.06755
206	0.82	0.1638
207	0.835	0.1513875
208	0.81	0.17195
209	0.81	0.17195
210	0.9	0.095
211	0.91	0.08595
212	0.905	0.0904875
213	0.76	0.2112
214	0.955	0.0439875
215	0.765	0.2073875
216	0.935	0.0628875
217	0.915	0.0813875
218	0.94	0.0582
219	0.955	0.0439875
220	0.95	0.04875
221	0.955	0.0439875
222	0.96	0.0392
223	0.945	0.0534875
224	0.935	0.0628875
225	0.94	0.0582
226	0.935	0.0628875
227	0.93	0.06755
228	0.91	0.08595
229	0.955	0.0439875
230	0.93	0.06755
231	0.96	0.0392
232	0.945	0.0534875
233	0.915	0.0813875
234	0.91	0.08595
235	0.925	0.0721875
236	0.945	0.0534875
237	0.95	0.04875
238	0.95	0.04875
239	0.93	0.06755
240	0.785	0.1918875
241	0.855	0.1344875
242	0.945	0.0534875
243	0.93	0.06755
244	0.91	0.08595
245	0.915	0.0813875
246	0.87	0.12155
247	0.915	0.0813875
248	0.97	0.02955
249	0.93	0.06755
250	0.87	0.12155
251	0.88	0.1128
252	0.95	0.04875
253	0.915	0.0813875
254	0.91	0.08595
255	0.925	0.0721875
256	0.845	0.1429875
257	0.93	0.06755
258	0.92	0.0768
259	0.915	0.0813875
260	0.925	0.0721875
261	0.91	0.08595
262	0.82	0.1638
263	0.9	0.095
264	0.96	0.0392
265	0.9	0.095
266	0.9	0.095
267	0.87	0.12155
268	0.96	0.0392
269	0.95	0.04875
270	0.955	0.0439875
271	0.92	0.0768
272	0.88	0.1128
273	0.875	0.1171875
274	0.92	0.0768
275	0.945	0.0534875
276	0.95	0.04875
277	0.945	0.0534875
278	0.865	0.1258875
279	0.905	0.0904875
280	0.94	0.0582
281	0.9	0.095
282	0.925	0.0721875
283	0.93	0.06755
284	0.915	0.0813875
285	0.91	0.08595
286	0.95	0.04875
287	0.825	0.1596875
288	0.9	0.095
289	0.87	0.12155
290	0.92	0.0768
291	0.935	0.0628875
292	0.87	0.12155
293	0.865	0.1258875
294	0.86	0.1302
295	0.88	0.1128
296	0.915	0.0813875
297	0.925	0.0721875
298	0.89	0.10395
299	0.945	0.0534875
300	0.915	0.0813875
301	0.915	0.0813875
302	0.79	0.18795
303	0.8	0.18
304	0.935	0.0628875
305	0.85	0.13875
306	0.955	0.0439875
307	0.9	0.095
308	0.915	0.0813875
309	0.94	0.0582
310	0.935	0.0628875
311	0.92	0.0768
312	0.91	0.08595
313	0.81	0.17195
314	0.88	0.1128
315	0.935	0.0628875
316	0.95	0.04875
317	0.93	0.06755
318	0.93	0.06755
319	0.88	0.1128
320	0.935	0.0628875
321	0.9	0.095
322	0.915	0.0813875
323	0.88	0.1128
324	0.915	0.0813875
325	0.935	0.0628875
326	0.95	0.04875
327	0.945	0.0534875
328	0.94	0.0582
329	0.98	0.0198
330	0.92	0.0768
331	0.935	0.0628875
332	0.955	0.0439875
333	0.965	0.0343875
334	0.96	0.0392
335	0.855	0.1344875
336	0.91	0.08595
337	0.925	0.0721875
338	0.95	0.04875
339	0.895	0.0994875
340	0.92	0.0768
341	0.96	0.0392
342	0.94	0.0582
343	0.9	0.095
344	0.905	0.0904875
345	0.955	0.0439875
346	0.935	0.0628875
347	0.97	0.02955
348	0.875	0.1171875
349	0.88	0.1128
350	0.905	0.0904875
351	0.815	0.1678875
352	0.87	0.12155
353	0.92	0.0768
354	0.935	0.0628875
355	0.95	0.04875
356	0.915	0.0813875
357	0.91	0.08595
358	0.89	0.10395
359	0.885	0.1083875
360	0.9	0.095
361	0.95	0.04875
362	0.975	0.0246875
363	0.9	0.095
364	0.915	0.0813875
365	0.915	0.0813875
366	0.945	0.0534875
367	0.91	0.08595
368	0.875	0.1171875
369	0.865	0.1258875
370	0.925	0.0721875
371	0.92	0.0768
372	0.845	0.1429875
373	0.925	0.0721875
374	0.895	0.0994875
375	0.94	0.0582
376	0.925	0.0721875
377	0.91	0.08595
378	0.915	0.0813875
379	0.905	0.0904875
380	0.96	0.0392
381	0.795	0.1839875
382	0.93	0.06755
383	0.93	0.06755
384	0.925	0.0721875
385	0.885	0.1083875
386	0.93	0.06755
387	0.975	0.0246875
388	0.925	0.0721875
389	0.95	0.04875
390	0.92	0.0768
391	0.885	0.1083875
392	0.935	0.0628875
393	0.96	0.0392
394	0.955	0.0439875
395	0.905	0.0904875
396	0.89	0.10395
397	0.87	0.12155
398	0.965	0.0343875
399	0.94	0.0582
