0	0.005	0.333325
1	0.02	0.3332
2	0.055	0.332325
3	0.07	0.3317
4	0.075	0.331458333333
5	0.08	0.3312
6	0.09	0.330633333333
7	0.085	0.330925
8	0.08	0.3312
9	0.0	0.333333333333
10	0.025	0.333125
11	0.265	0.309925
12	0.26	0.3108
13	0.265	0.309925
14	0.26	0.3108
15	0.265	0.309925
16	0.16	0.3248
17	0.095	0.330325
18	0.09	0.330633333333
19	0.04	0.3328
20	0.045	0.332658333333
21	0.035	0.332925
22	0.22	0.3172
23	0.25	0.3125
24	0.27	0.309033333333
25	0.26	0.3108
26	0.265	0.309925
27	0.21	0.318633333333
28	0.215	0.317925
29	0.2	0.32
30	0.19	0.3213
31	0.2	0.32
32	0.14	0.3268
33	0.135	0.327258333333
34	0.125	0.328125
35	0.225	0.316458333333
36	0.23	0.3157
37	0.2	0.32
38	0.23	0.3157
39	0.005	0.333325
40	0.015	0.333258333333
41	0.02	0.3332
42	0.025	0.333125
43	0.02	0.3332
44	0.035	0.332925
45	0.02	0.3332
46	0.085	0.330925
47	0.09	0.330633333333
48	0.1	0.33
49	0.095	0.330325
50	0.125	0.328125
51	0.145	0.326325
52	0.06	0.332133333333
53	0.015	0.333258333333
54	0.14	0.3268
55	0.13	0.3277
56	0.14	0.3268
57	0.0	0.333333333333
58	0.025	0.333125
59	0.02	0.3332
60	0.135	0.327258333333
61	0.03	0.333033333333
62	0.005	0.333325
63	0.14	0.3268
64	0.085	0.330925
65	0.065	0.331925
66	0.215	0.317925
67	0.22	0.3172
68	0.16	0.3248
69	0.265	0.309925
70	0.35	0.2925
71	0.34	0.2948
72	0.33	0.297033333333
73	0.325	0.298125
74	0.275	0.308125
75	0.265	0.309925
76	0.06	0.332133333333
77	0.015	0.333258333333
78	0.045	0.332658333333
79	0.025	0.333125
80	0.005	0.333325
81	0.04	0.3328
82	0.045	0.332658333333
83	0.06	0.332133333333
84	0.065	0.331925
85	0.06	0.332133333333
86	0.07	0.3317
87	0.06	0.332133333333
88	0.08	0.3312
89	0.125	0.328125
90	0.13	0.3277
91	0.14	0.3268
92	0.16	0.3248
93	0.155	0.325325
94	0.17	0.3237
95	0.02	0.3332
96	0.005	0.333325
97	0.03	0.333033333333
98	0.025	0.333125
99	0.01	0.3333
100	0.225	0.316458333333
101	0.23	0.3157
102	0.16	0.3248
103	0.155	0.325325
104	0.1	0.33
105	0.09	0.330633333333
106	0.11	0.3293
107	0.115	0.328925
108	0.04	0.3328
109	0.045	0.332658333333
110	0.04	0.3328
111	0.03	0.333033333333
112	0.08	0.3312
113	0.075	0.331458333333
114	0.13	0.3277
115	0.135	0.327258333333
116	0.33	0.297033333333
117	0.335	0.295925
118	0.31	0.3013
119	0.29	0.3053
120	0.265	0.309925
121	0.28	0.3072
122	0.27	0.309033333333
123	0.25	0.3125
124	0.26	0.3108
125	0.255	0.311658333333
126	0.095	0.330325
127	0.09	0.330633333333
128	0.095	0.330325
129	0.21	0.318633333333
130	0.135	0.327258333333
131	0.14	0.3268
132	0.135	0.327258333333
133	0.125	0.328125
134	0.14	0.3268
135	0.12	0.328533333333
136	0.09	0.330633333333
137	0.185	0.321925
138	0.22	0.3172
139	0.195	0.320658333333
140	0.16	0.3248
141	0.175	0.323125
142	0.185	0.321925
143	0.18	0.322533333333
144	0.14	0.3268
145	0.245	0.313325
146	0.235	0.314925
147	0.24	0.314133333333
148	0.005	0.333325
149	0.04	0.3328
150	0.1	0.33
151	0.05	0.3325
152	0.025	0.333125
153	0.12	0.328533333333
154	0.145	0.326325
155	0.075	0.331458333333
156	0.095	0.330325
157	0.16	0.3248
158	0.155	0.325325
159	0.105	0.329658333333
160	0.11	0.3293
161	0.105	0.329658333333
162	0.07	0.3317
163	0.02	0.3332
164	0.39	0.282633333333
165	0.17	0.3237
166	0.035	0.332925
167	0.085	0.330925
168	0.05	0.3325
169	0.085	0.330925
170	0.095	0.330325
171	0.02	0.3332
172	0.045	0.332658333333
173	0.01	0.3333
174	0.115	0.328925
175	0.095	0.330325
176	0.22	0.3172
177	0.215	0.317925
178	0.195	0.320658333333
179	0.11	0.3293
180	0.085	0.330925
181	0.15	0.325833333333
182	0.155	0.325325
183	0.15	0.325833333333
184	0.115	0.328925
185	0.16	0.3248
186	0.12	0.328533333333
187	0.095	0.330325
188	0.09	0.330633333333
189	0.095	0.330325
190	0.055	0.332325
191	0.06	0.332133333333
192	0.03	0.333033333333
193	0.01	0.3333
194	0.005	0.333325
195	0.07	0.3317
196	0.025	0.333125
197	0.02	0.3332
198	0.01	0.3333
199	0.065	0.331925
200	0.025	0.333125
201	0.02	0.3332
202	0.01	0.3333
203	0.025	0.333125
204	0.03	0.333033333333
205	0.04	0.3328
206	0.13	0.3277
207	0.14	0.3268
208	0.15	0.325833333333
209	0.095	0.330325
210	0.185	0.321925
211	0.25	0.3125
212	0.035	0.332925
213	0.06	0.332133333333
214	0.11	0.3293
215	0.07	0.3317
216	0.045	0.332658333333
217	0.18	0.322533333333
218	0.16	0.3248
219	0.165	0.324258333333
220	0.175	0.323125
221	0.16	0.3248
222	0.095	0.330325
223	0.065	0.331925
224	0.105	0.329658333333
225	0.12	0.328533333333
226	0.0	0.333333333333
227	0.025	0.333125
228	0.05	0.3325
229	0.04	0.3328
230	0.055	0.332325
231	0.03	0.333033333333
232	0.035	0.332925
233	0.08	0.3312
234	0.12	0.328533333333
235	0.115	0.328925
236	0.215	0.317925
237	0.175	0.323125
238	0.18	0.322533333333
239	0.125	0.328125
240	0.06	0.332133333333
241	0.045	0.332658333333
242	0.06	0.332133333333
243	0.035	0.332925
244	0.12	0.328533333333
245	0.13	0.3277
246	0.1	0.33
247	0.105	0.329658333333
248	0.11	0.3293
249	0.175	0.323125
250	0.19	0.3213
251	0.16	0.3248
252	0.165	0.324258333333
253	0.085	0.330925
254	0.07	0.3317
255	0.08	0.3312
256	0.0	0.333333333333
257	0.025	0.333125
258	0.015	0.333258333333
259	0.03	0.333033333333
260	0.085	0.330925
261	0.08	0.3312
262	0.09	0.330633333333
263	0.055	0.332325
264	0.22	0.3172
265	0.14	0.3268
266	0.135	0.327258333333
267	0.23	0.3157
268	0.24	0.314133333333
269	0.01	0.3333
270	0.005	0.333325
271	0.26	0.3108
272	0.05	0.3325
273	0.055	0.332325
274	0.105	0.329658333333
275	0.17	0.3237
276	0.175	0.323125
277	0.16	0.3248
278	0.14	0.3268
279	0.155	0.325325
280	0.01	0.3333
281	0.005	0.333325
282	0.15	0.325833333333
283	0.175	0.323125
284	0.055	0.332325
285	0.035	0.332925
286	0.045	0.332658333333
287	0.04	0.3328
288	0.03	0.333033333333
289	0.025	0.333125
290	0.04	0.3328
291	0.23	0.3157
292	0.235	0.314925
293	0.3	0.303333333333
294	0.535	0.237925
295	0.515	0.244925
296	0.35	0.2925
297	0.355	0.291325
298	0.405	0.278658333333
299	0.35	0.2925
300	0.15	0.325833333333
301	0.145	0.326325
302	0.275	0.308125
303	0.215	0.317925
304	0.14	0.3268
305	0.155	0.325325
306	0.165	0.324258333333
307	0.185	0.321925
308	0.16	0.3248
309	0.265	0.309925
310	0.255	0.311658333333
311	0.15	0.325833333333
312	0.06	0.332133333333
313	0.125	0.328125
314	0.065	0.331925
315	0.06	0.332133333333
316	0.08	0.3312
317	0.02	0.3332
318	0.18	0.322533333333
319	0.185	0.321925
320	0.165	0.324258333333
321	0.035	0.332925
322	0.075	0.331458333333
323	0.09	0.330633333333
324	0.085	0.330925
325	0.1	0.33
326	0.145	0.326325
327	0.085	0.330925
328	0.105	0.329658333333
329	0.135	0.327258333333
330	0.17	0.3237
331	0.205	0.319325
332	0.085	0.330925
333	0.07	0.3317
334	0.09	0.330633333333
335	0.07	0.3317
336	0.17	0.3237
337	0.225	0.316458333333
338	0.215	0.317925
339	0.255	0.311658333333
340	0.26	0.3108
341	0.25	0.3125
342	0.015	0.333258333333
343	0.06	0.332133333333
344	0.065	0.331925
345	0.06	0.332133333333
346	0.045	0.332658333333
347	0.125	0.328125
348	0.06	0.332133333333
349	0.065	0.331925
350	0.02	0.3332
351	0.025	0.333125
352	0.035	0.332925
353	0.03	0.333033333333
354	0.025	0.333125
355	0.015	0.333258333333
356	0.025	0.333125
357	0.01	0.3333
358	0.225	0.316458333333
359	0.275	0.308125
360	0.26	0.3108
361	0.22	0.3172
362	0.215	0.317925
363	0.225	0.316458333333
364	0.23	0.3157
365	0.245	0.313325
366	0.195	0.320658333333
367	0.025	0.333125
368	0.015	0.333258333333
369	0.01	0.3333
370	0.015	0.333258333333
371	0.065	0.331925
372	0.06	0.332133333333
373	0.055	0.332325
374	0.13	0.3277
375	0.155	0.325325
376	0.135	0.327258333333
377	0.015	0.333258333333
378	0.005	0.333325
379	0.03	0.333033333333
380	0.025	0.333125
381	0.205	0.319325
382	0.19	0.3213
383	0.18	0.322533333333
384	0.07	0.3317
385	0.065	0.331925
386	0.02	0.3332
387	0.085	0.330925
388	0.08	0.3312
389	0.15	0.325833333333
390	0.11	0.3293
391	0.115	0.328925
392	0.1	0.33
393	0.075	0.331458333333
394	0.12	0.328533333333
395	0.045	0.332658333333
396	0.11	0.3293
397	0.1	0.33
398	0.115	0.328925
399	0.44	0.2688
