0	0.025	0.24984375
1	0.01	0.249975
2	0.015	0.24994375
3	0.02	0.2499
4	0.025	0.24984375
5	0.02	0.2499
6	0.025	0.24984375
7	0.02	0.2499
8	0.01	0.249975
9	0.005	0.24999375
10	0.01	0.249975
11	0.015	0.24994375
12	0.025	0.24984375
13	0.03	0.249775
14	0.045	0.24949375
15	0.04	0.2496
16	0.045	0.24949375
17	0.035	0.24969375
18	0.015	0.24994375
19	0.025	0.24984375
20	0.01	0.249975
21	0.03	0.249775
22	0.035	0.24969375
23	0.025	0.24984375
24	0.01	0.249975
25	0.015	0.24994375
26	0.01	0.249975
27	0.005	0.24999375
28	0.015	0.24994375
29	0.01	0.249975
30	0.005	0.24999375
31	0.015	0.24994375
32	0.01	0.249975
33	0.015	0.24994375
34	0.035	0.24969375
35	0.04	0.2496
36	0.04	0.2496
37	0.045	0.24949375
38	0.015	0.24994375
39	0.035	0.24969375
40	0.02	0.2499
41	0.05	0.249375
42	0.06	0.2491
43	0.045	0.24949375
44	0.075	0.24859375
45	0.08	0.2484
46	0.09	0.247975
47	0.105	0.24724375
48	0.125	0.24609375
49	0.14	0.2451
50	0.155	0.24399375
51	0.18	0.2419
52	0.15	0.244375
53	0.155	0.24399375
54	0.165	0.24319375
55	0.14	0.2451
56	0.15	0.244375
57	0.2	0.24
58	0.185	0.24144375
59	0.13	0.245775
60	0.14	0.2451
61	0.125	0.24609375
62	0.105	0.24724375
63	0.125	0.24609375
64	0.135	0.24544375
65	0.13	0.245775
66	0.125	0.24609375
67	0.115	0.24669375
68	0.11	0.246975
69	0.095	0.24774375
70	0.12	0.2464
71	0.125	0.24609375
72	0.12	0.2464
73	0.115	0.24669375
74	0.11	0.246975
75	0.13	0.245775
76	0.17	0.242775
77	0.205	0.23949375
78	0.21	0.238975
79	0.225	0.23734375
80	0.235	0.23619375
81	0.22	0.2379
82	0.19	0.240975
83	0.18	0.2419
84	0.21	0.238975
85	0.215	0.23844375
86	0.175	0.24234375
87	0.1	0.2475
88	0.08	0.2484
89	0.065	0.24894375
90	0.05	0.249375
91	0.035	0.24969375
92	0.04	0.2496
93	0.055	0.24924375
94	0.07	0.248775
95	0.085	0.24819375
96	0.08	0.2484
97	0.09	0.247975
98	0.095	0.24774375
99	0.09	0.247975
100	0.085	0.24819375
101	0.08	0.2484
102	0.015	0.24994375
103	0.04	0.2496
104	0.045	0.24949375
105	0.08	0.2484
106	0.11	0.246975
107	0.045	0.24949375
108	0.005	0.24999375
109	0.035	0.24969375
110	0.01	0.249975
111	0.02	0.2499
112	0.01	0.249975
113	0.025	0.24984375
114	0.06	0.2491
115	0.055	0.24924375
116	0.065	0.24894375
117	0.055	0.24924375
118	0.09	0.247975
119	0.11	0.246975
120	0.1	0.2475
121	0.11	0.246975
122	0.105	0.24724375
123	0.11	0.246975
124	0.025	0.24984375
125	0.055	0.24924375
126	0.035	0.24969375
127	0.04	0.2496
128	0.075	0.24859375
129	0.08	0.2484
130	0.085	0.24819375
131	0.08	0.2484
132	0.105	0.24724375
133	0.1	0.2475
134	0.08	0.2484
135	0.09	0.247975
136	0.08	0.2484
137	0.085	0.24819375
138	0.06	0.2491
139	0.05	0.249375
140	0.045	0.24949375
141	0.055	0.24924375
142	0.04	0.2496
143	0.025	0.24984375
144	0.025	0.24984375
145	0.015	0.24994375
146	0.02	0.2499
147	0.025	0.24984375
148	0.03	0.249775
149	0.04	0.2496
150	0.025	0.24984375
151	0.015	0.24994375
152	0.0	0.25
153	0.005	0.24999375
154	0.01	0.249975
155	0.005	0.24999375
156	0.015	0.24994375
157	0.01	0.249975
158	0.06	0.2491
159	0.025	0.24984375
160	0.005	0.24999375
161	0.0	0.25
162	0.03	0.249775
163	0.045	0.24949375
164	0.05	0.249375
165	0.04	0.2496
166	0.035	0.24969375
167	0.04	0.2496
168	0.045	0.24949375
169	0.04	0.2496
170	0.035	0.24969375
171	0.04	0.2496
172	0.07	0.248775
173	0.04	0.2496
174	0.08	0.2484
175	0.115	0.24669375
176	0.095	0.24774375
177	0.1	0.2475
178	0.095	0.24774375
179	0.125	0.24609375
180	0.12	0.2464
181	0.11	0.246975
182	0.095	0.24774375
183	0.105	0.24724375
184	0.165	0.24319375
185	0.135	0.24544375
186	0.1	0.2475
187	0.03	0.249775
188	0.005	0.24999375
189	0.03	0.249775
190	0.015	0.24994375
191	0.085	0.24819375
192	0.065	0.24894375
193	0.085	0.24819375
194	0.09	0.247975
195	0.1	0.2475
196	0.145	0.24474375
197	0.13	0.245775
198	0.175	0.24234375
199	0.165	0.24319375
200	0.175	0.24234375
201	0.17	0.242775
202	0.19	0.240975
203	0.195	0.24049375
204	0.19	0.240975
205	0.195	0.24049375
206	0.205	0.23949375
207	0.175	0.24234375
208	0.13	0.245775
209	0.1	0.2475
210	0.11	0.246975
211	0.01	0.249975
212	0.01	0.249975
213	0.005	0.24999375
214	0.02	0.2499
215	0.01	0.249975
216	0.005	0.24999375
217	0.035	0.24969375
218	0.03	0.249775
219	0.035	0.24969375
220	0.03	0.249775
221	0.04	0.2496
222	0.03	0.249775
223	0.035	0.24969375
224	0.095	0.24774375
225	0.085	0.24819375
226	0.11	0.246975
227	0.105	0.24724375
228	0.005	0.24999375
229	0.015	0.24994375
230	0.03	0.249775
231	0.05	0.249375
232	0.04	0.2496
233	0.045	0.24949375
234	0.035	0.24969375
235	0.015	0.24994375
236	0.0	0.25
237	0.005	0.24999375
238	0.01	0.249975
239	0.03	0.249775
240	0.07	0.248775
241	0.095	0.24774375
242	0.12	0.2464
243	0.14	0.2451
244	0.145	0.24474375
245	0.165	0.24319375
246	0.17	0.242775
247	0.15	0.244375
248	0.145	0.24474375
249	0.155	0.24399375
250	0.145	0.24474375
251	0.065	0.24894375
252	0.075	0.24859375
253	0.025	0.24984375
254	0.025	0.24984375
255	0.085	0.24819375
256	0.08	0.2484
257	0.045	0.24949375
258	0.065	0.24894375
259	0.06	0.2491
260	0.055	0.24924375
261	0.035	0.24969375
262	0.045	0.24949375
263	0.055	0.24924375
264	0.06	0.2491
265	0.045	0.24949375
266	0.06	0.2491
267	0.07	0.248775
268	0.065	0.24894375
269	0.025	0.24984375
270	0.02	0.2499
271	0.0	0.25
272	0.035	0.24969375
273	0.02	0.2499
274	0.005	0.24999375
275	0.01	0.249975
276	0.015	0.24994375
277	0.175	0.24234375
278	0.18	0.2419
279	0.17	0.242775
280	0.175	0.24234375
281	0.215	0.23844375
282	0.16	0.2436
283	0.165	0.24319375
284	0.095	0.24774375
285	0.09	0.247975
286	0.015	0.24994375
287	0.02	0.2499
288	0.0	0.25
289	0.005	0.24999375
290	0.0	0.25
291	0.02	0.2499
292	0.01	0.249975
293	0.04	0.2496
294	0.08	0.2484
295	0.11	0.246975
296	0.19	0.240975
297	0.165	0.24319375
298	0.125	0.24609375
299	0.13	0.245775
300	0.14	0.2451
301	0.13	0.245775
302	0.125	0.24609375
303	0.105	0.24724375
304	0.115	0.24669375
305	0.075	0.24859375
306	0.07	0.248775
307	0.065	0.24894375
308	0.025	0.24984375
309	0.015	0.24994375
310	0.025	0.24984375
311	0.05	0.249375
312	0.06	0.2491
313	0.045	0.24949375
314	0.035	0.24969375
315	0.06	0.2491
316	0.055	0.24924375
317	0.05	0.249375
318	0.02	0.2499
319	0.04	0.2496
320	0.105	0.24724375
321	0.1	0.2475
322	0.13	0.245775
323	0.09	0.247975
324	0.05	0.249375
325	0.1	0.2475
326	0.08	0.2484
327	0.055	0.24924375
328	0.04	0.2496
329	0.045	0.24949375
330	0.01	0.249975
331	0.005	0.24999375
332	0.0	0.25
333	0.045	0.24949375
334	0.025	0.24984375
335	0.0	0.25
336	0.02	0.2499
337	0.005	0.24999375
338	0.03	0.249775
339	0.1	0.2475
340	0.095	0.24774375
341	0.1	0.2475
342	0.095	0.24774375
343	0.085	0.24819375
344	0.07	0.248775
345	0.04	0.2496
346	0.045	0.24949375
347	0.05	0.249375
348	0.035	0.24969375
349	0.03	0.249775
350	0.02	0.2499
351	0.035	0.24969375
352	0.02	0.2499
353	0.035	0.24969375
354	0.025	0.24984375
355	0.035	0.24969375
356	0.01	0.249975
357	0.0	0.25
358	0.02	0.2499
359	0.035	0.24969375
360	0.005	0.24999375
361	0.0	0.25
362	0.095	0.24774375
363	0.045	0.24949375
364	0.05	0.249375
365	0.06	0.2491
366	0.055	0.24924375
367	0.04	0.2496
368	0.025	0.24984375
369	0.02	0.2499
370	0.04	0.2496
371	0.025	0.24984375
372	0.015	0.24994375
373	0.03	0.249775
374	0.025	0.24984375
375	0.005	0.24999375
376	0.0	0.25
377	0.005	0.24999375
378	0.04	0.2496
379	0.0	0.25
380	0.015	0.24994375
381	0.0	0.25
382	0.015	0.24994375
383	0.015	0.24994375
384	0.02	0.2499
385	0.005	0.24999375
386	0.0	0.25
387	0.055	0.24924375
388	0.07	0.248775
389	0.065	0.24894375
390	0.07	0.248775
391	0.075	0.24859375
392	0.16	0.2436
393	0.12	0.2464
394	0.095	0.24774375
395	0.11	0.246975
396	0.115	0.24669375
397	0.09	0.247975
398	0.11	0.246975
399	0.08	0.2484
