0	0.02	0.19992
1	0.015	0.199955
2	0.005	0.199995
3	0.01	0.19998
4	0.005	0.199995
5	0.02	0.19992
6	0.03	0.19982
7	0.04	0.19968
8	0.01	0.19998
9	0.015	0.199955
10	0.03	0.19982
11	0.01	0.19998
12	0.005	0.199995
13	0.0	0.2
14	0.025	0.199875
15	0.01	0.19998
16	0.015	0.199955
17	0.03	0.19982
18	0.02	0.19992
19	0.01	0.19998
20	0.0	0.2
21	0.015	0.199955
22	0.01	0.19998
23	0.005	0.199995
24	0.01	0.19998
25	0.015	0.199955
26	0.05	0.1995
27	0.055	0.199395
28	0.05	0.1995
29	0.02	0.19992
30	0.03	0.19982
31	0.015	0.199955
32	0.025	0.199875
33	0.015	0.199955
34	0.01	0.19998
35	0.0	0.2
36	0.005	0.199995
37	0.015	0.199955
38	0.01	0.19998
39	0.015	0.199955
40	0.035	0.199755
41	0.05	0.1995
42	0.045	0.199595
43	0.055	0.199395
44	0.06	0.19928
45	0.07	0.19902
46	0.075	0.198875
47	0.07	0.19902
48	0.085	0.198555
49	0.09	0.19838
50	0.095	0.198195
51	0.105	0.197795
52	0.11	0.19758
53	0.1	0.198
54	0.085	0.198555
55	0.06	0.19928
56	0.05	0.1995
57	0.055	0.199395
58	0.05	0.1995
59	0.02	0.19992
60	0.025	0.199875
61	0.03	0.19982
62	0.035	0.199755
63	0.025	0.199875
64	0.02	0.19992
65	0.0	0.2
66	0.02	0.19992
67	0.015	0.199955
68	0.0	0.2
69	0.005	0.199995
70	0.005	0.199995
71	0.03	0.19982
72	0.025	0.199875
73	0.02	0.19992
74	0.045	0.199595
75	0.07	0.19902
76	0.08	0.19872
77	0.065	0.199155
78	0.045	0.199595
79	0.04	0.19968
80	0.02	0.19992
81	0.035	0.199755
82	0.04	0.19968
83	0.045	0.199595
84	0.05	0.1995
85	0.055	0.199395
86	0.045	0.199595
87	0.05	0.1995
88	0.07	0.19902
89	0.065	0.199155
90	0.07	0.19902
91	0.075	0.198875
92	0.08	0.19872
93	0.065	0.199155
94	0.075	0.198875
95	0.07	0.19902
96	0.085	0.198555
97	0.055	0.199395
98	0.05	0.1995
99	0.06	0.19928
100	0.07	0.19902
101	0.085	0.198555
102	0.08	0.19872
103	0.06	0.19928
104	0.07	0.19902
105	0.095	0.198195
106	0.08	0.19872
107	0.07	0.19902
108	0.035	0.199755
109	0.06	0.19928
110	0.065	0.199155
111	0.07	0.19902
112	0.065	0.199155
113	0.105	0.197795
114	0.115	0.197355
115	0.105	0.197795
116	0.095	0.198195
117	0.09	0.19838
118	0.1	0.198
119	0.11	0.19758
120	0.115	0.197355
121	0.155	0.195195
122	0.15	0.1955
123	0.135	0.196355
124	0.125	0.196875
125	0.145	0.195795
126	0.14	0.19608
127	0.125	0.196875
128	0.155	0.195195
129	0.165	0.194555
130	0.18	0.19352
131	0.165	0.194555
132	0.14	0.19608
133	0.125	0.196875
134	0.135	0.196355
135	0.14	0.19608
136	0.125	0.196875
137	0.115	0.197355
138	0.08	0.19872
139	0.05	0.1995
140	0.03	0.19982
141	0.0	0.2
142	0.025	0.199875
143	0.02	0.19992
144	0.015	0.199955
145	0.01	0.19998
146	0.005	0.199995
147	0.0	0.2
148	0.005	0.199995
149	0.03	0.19982
150	0.055	0.199395
151	0.06	0.19928
152	0.065	0.199155
153	0.08	0.19872
154	0.09	0.19838
155	0.095	0.198195
156	0.085	0.198555
157	0.08	0.19872
158	0.09	0.19838
159	0.055	0.199395
160	0.06	0.19928
161	0.055	0.199395
162	0.06	0.19928
163	0.055	0.199395
164	0.05	0.1995
165	0.055	0.199395
166	0.06	0.19928
167	0.035	0.199755
168	0.015	0.199955
169	0.0	0.2
170	0.005	0.199995
171	0.0	0.2
172	0.01	0.19998
173	0.005	0.199995
174	0.01	0.19998
175	0.015	0.199955
176	0.02	0.19992
177	0.01	0.19998
178	0.0	0.2
179	0.005	0.199995
180	0.005	0.199995
181	0.065	0.199155
182	0.105	0.197795
183	0.11	0.19758
184	0.105	0.197795
185	0.08	0.19872
186	0.085	0.198555
187	0.13	0.19662
188	0.155	0.195195
189	0.16	0.19488
190	0.175	0.193875
191	0.16	0.19488
192	0.165	0.194555
193	0.095	0.198195
194	0.1	0.198
195	0.115	0.197355
196	0.105	0.197795
197	0.11	0.19758
198	0.09	0.19838
199	0.105	0.197795
200	0.09	0.19838
201	0.11	0.19758
202	0.055	0.199395
203	0.05	0.1995
204	0.09	0.19838
205	0.115	0.197355
206	0.11	0.19758
207	0.105	0.197795
208	0.07	0.19902
209	0.08	0.19872
210	0.09	0.19838
211	0.055	0.199395
212	0.08	0.19872
213	0.05	0.1995
214	0.055	0.199395
215	0.065	0.199155
216	0.055	0.199395
217	0.05	0.1995
218	0.075	0.198875
219	0.11	0.19758
220	0.095	0.198195
221	0.07	0.19902
222	0.055	0.199395
223	0.03	0.19982
224	0.02	0.19992
225	0.01	0.19998
226	0.0	0.2
227	0.005	0.199995
228	0.01	0.19998
229	0.015	0.199955
230	0.005	0.199995
231	0.01	0.19998
232	0.015	0.199955
233	0.025	0.199875
234	0.02	0.19992
235	0.005	0.199995
236	0.025	0.199875
237	0.03	0.19982
238	0.04	0.19968
239	0.05	0.1995
240	0.045	0.199595
241	0.095	0.198195
242	0.085	0.198555
243	0.09	0.19838
244	0.08	0.19872
245	0.055	0.199395
246	0.05	0.1995
247	0.045	0.199595
248	0.05	0.1995
249	0.045	0.199595
250	0.035	0.199755
251	0.04	0.19968
252	0.045	0.199595
253	0.055	0.199395
254	0.045	0.199595
255	0.04	0.19968
256	0.05	0.1995
257	0.035	0.199755
258	0.02	0.19992
259	0.015	0.199955
260	0.04	0.19968
261	0.045	0.199595
262	0.05	0.1995
263	0.04	0.19968
264	0.05	0.1995
265	0.06	0.19928
266	0.065	0.199155
267	0.06	0.19928
268	0.055	0.199395
269	0.015	0.199955
270	0.005	0.199995
271	0.04	0.19968
272	0.035	0.199755
273	0.04	0.19968
274	0.09	0.19838
275	0.08	0.19872
276	0.095	0.198195
277	0.135	0.196355
278	0.14	0.19608
279	0.145	0.195795
280	0.15	0.1955
281	0.14	0.19608
282	0.145	0.195795
283	0.135	0.196355
284	0.15	0.1955
285	0.16	0.19488
286	0.165	0.194555
287	0.17	0.19422
288	0.115	0.197355
289	0.12	0.19712
290	0.11	0.19758
291	0.105	0.197795
292	0.095	0.198195
293	0.09	0.19838
294	0.1	0.198
295	0.105	0.197795
296	0.08	0.19872
297	0.075	0.198875
298	0.08	0.19872
299	0.085	0.198555
300	0.08	0.19872
301	0.085	0.198555
302	0.09	0.19838
303	0.085	0.198555
304	0.09	0.19838
305	0.095	0.198195
306	0.08	0.19872
307	0.085	0.198555
308	0.075	0.198875
309	0.115	0.197355
310	0.14	0.19608
311	0.16	0.19488
312	0.155	0.195195
313	0.12	0.19712
314	0.1	0.198
315	0.105	0.197795
316	0.1	0.198
317	0.09	0.19838
318	0.075	0.198875
319	0.07	0.19902
320	0.075	0.198875
321	0.08	0.19872
322	0.07	0.19902
323	0.075	0.198875
324	0.08	0.19872
325	0.075	0.198875
326	0.09	0.19838
327	0.075	0.198875
328	0.08	0.19872
329	0.075	0.198875
330	0.07	0.19902
331	0.075	0.198875
332	0.065	0.199155
333	0.075	0.198875
334	0.07	0.19902
335	0.025	0.199875
336	0.03	0.19982
337	0.02	0.19992
338	0.05	0.1995
339	0.015	0.199955
340	0.02	0.19992
341	0.04	0.19968
342	0.045	0.199595
343	0.04	0.19968
344	0.025	0.199875
345	0.01	0.19998
346	0.025	0.199875
347	0.005	0.199995
348	0.02	0.19992
349	0.015	0.199955
350	0.02	0.19992
351	0.035	0.199755
352	0.015	0.199955
353	0.045	0.199595
354	0.05	0.1995
355	0.04	0.19968
356	0.045	0.199595
357	0.04	0.19968
358	0.03	0.19982
359	0.015	0.199955
360	0.005	0.199995
361	0.015	0.199955
362	0.025	0.199875
363	0.015	0.199955
364	0.01	0.19998
365	0.01	0.19998
366	0.02	0.19992
367	0.015	0.199955
368	0.035	0.199755
369	0.03	0.19982
370	0.025	0.199875
371	0.02	0.19992
372	0.06	0.19928
373	0.065	0.199155
374	0.06	0.19928
375	0.055	0.199395
376	0.03	0.19982
377	0.025	0.199875
378	0.035	0.199755
379	0.03	0.19982
380	0.025	0.199875
381	0.04	0.19968
382	0.04	0.19968
383	0.035	0.199755
384	0.04	0.19968
385	0.075	0.198875
386	0.065	0.199155
387	0.06	0.19928
388	0.05	0.1995
389	0.03	0.19982
390	0.01	0.19998
391	0.015	0.199955
392	0.01	0.19998
393	0.02	0.19992
394	0.015	0.199955
395	0.04	0.19968
396	0.025	0.199875
397	0.03	0.19982
398	0.02	0.19992
399	0.01	0.19998
